Power
48400000
592900000
1464100000
3097600000
5336100000
8179600000
10890000000
13987600000
17472400000
21344400000
24502500000
27878400000
31472100000
35283600000
37945600000
40704400000
45024100000
49561600000
54316900000
59290000000
64480900000
66259600000
73616400000
75516100000
81360400000
83356900000
83356900000
87422500000
89491600000
87422500000
89491600000
91584900000
91584900000
91584900000
91584900000
89491600000
89491600000
87422500000
83356900000
81360400000
77440000000
71740900000
68062500000
62726400000
57608100000
51122500000
46512400000
40704400000
37945600000
32718400000
27878400000
24502500000
21344400000
18404100000
15681600000
12390400000
10176100000
8179600000
5856400000
3920400000
2722500000
1210000000
435600000
12100000
48400000
592900000
1464100000
3496900000
5856400000
8179600000
11628100000
13987600000
18404100000
21344400000
24502500000
29052100000
32718400000
35283600000
39312900000
42120100000
46512400000
49561600000
54316900000
59290000000
64480900000
69889600000
73616400000
77440000000
81360400000
81360400000
85377600000
89491600000
89491600000
89491600000
91584900000
91584900000
91584900000
93702400000
91584900000
91584900000
89491600000
87422500000
85377600000
81360400000
77440000000
73616400000
68062500000
60996100000
57608100000
51122500000
46512400000
43560000000
36602500000
32718400000
29052100000
24502500000
21344400000
18404100000
15681600000
13176900000
10890000000
8179600000
6400900000
4368100000
2722500000
1464100000
435600000
48400000
108900000
774400000
2044900000
3920400000
5856400000
9486400000
11628100000
14822500000
19360000000
22372900000
26728900000
29052100000
32718400000
36602500000
39312900000
42120100000
46512400000
49561600000
52707600000
57608100000
62726400000
68062500000
71740900000
75516100000
79388100000
83356900000
87422500000
87422500000
89491600000
89491600000
89491600000
89491600000
89491600000
89491600000
89491600000
89491600000
87422500000
85377600000
83356900000
81360400000
75516100000
71740900000
66259600000
60996100000
55950400000
51122500000
45024100000
40704400000
35283600000
31472100000
26728900000
23425600000
20340100000
17472400000
14822500000
12390400000
10890000000
8179600000
6400900000
4368100000
2722500000
1210000000
302500000
0
108900000
774400000
2371600000
4368100000
6400900000
9486400000
12390400000
15681600000
19360000000
22372900000
26728900000
30250000000
33988900000
36602500000
40704400000
42120100000
46512400000
49561600000
54316900000
59290000000
62726400000
68062500000
71740900000
75516100000
79388100000
83356900000
87422500000
87422500000
89491600000
89491600000
89491600000
89491600000
91584900000
91584900000
89491600000
89491600000
87422500000
85377600000
81360400000
79388100000
77440000000
71740900000
66259600000
62726400000
57608100000
51122500000
46512400000
40704400000
35283600000
31472100000
27878400000
23425600000
21344400000
18404100000
15681600000
13176900000
10890000000
8820900000
6400900000
4368100000
2722500000
1210000000
435600000
12100000
302500000
980100000
2371600000
4368100000
6969600000
8820900000
12390400000
15681600000
19360000000
23425600000
26728900000
29052100000
33988900000
35283600000
39312900000
43560000000
46512400000
51122500000
55950400000
59290000000
64480900000
69889600000
73616400000
77440000000
81360400000
83356900000
85377600000
89491600000
87422500000
89491600000
91584900000
89491600000
89491600000
89491600000
89491600000
89491600000
87422500000
85377600000
83356900000
79388100000
75516100000
69889600000
66259600000
59290000000
55950400000
49561600000
45024100000
39312900000
35283600000
31472100000
26728900000
22372900000
20340100000
17472400000
14822500000
12390400000
10176100000
8179600000
5856400000
3920400000
2044900000
980100000
193600000
0
302500000
1210000000
2722500000
4368100000
6969600000
9486400000
12390400000
16564900000
19360000000
22372900000
25603600000
30250000000
33988900000
36602500000
40704400000
43560000000
48024900000
51122500000
55950400000
59290000000
66259600000
69889600000
73616400000
77440000000
81360400000
85377600000
87422500000
87422500000
89491600000
91584900000
89491600000
93702400000
91584900000
91584900000
91584900000
89491600000
87422500000
85377600000
83356900000
79388100000
75516100000
69889600000
66259600000
60996100000
54316900000
49561600000
45024100000
40704400000
35283600000
31472100000
26728900000
23425600000
21344400000
17472400000
14822500000
12390400000
9486400000
8179600000
5856400000
3920400000
2371600000
980100000
302500000
0
48400000
592900000
1742400000
3496900000
5856400000
8179600000
10890000000
13987600000
17472400000
20340100000
24502500000
27878400000
31472100000
35283600000
39312900000
42120100000
46512400000
48024900000
52707600000
57608100000
60996100000
66259600000
69889600000
75516100000
77440000000
83356900000
85377600000
85377600000
87422500000
89491600000
89491600000
91584900000
91584900000
91584900000
91584900000
89491600000
87422500000
85377600000
85377600000
79388100000
77440000000
73616400000
68062500000
62726400000
57608100000
52707600000
48024900000
42120100000
36602500000
32718400000
29052100000
24502500000
21344400000
18404100000
15681600000
13176900000
10890000000
8179600000
6400900000
4368100000
2722500000
1210000000
435600000
12100000
108900000
774400000
2044900000
3496900000
5856400000
8179600000
10890000000
14822500000
18404100000
21344400000
24502500000
29052100000
32718400000
35283600000
39312900000
43560000000
45024100000
49561600000
54316900000
57608100000
62726400000
66259600000
69889600000
75516100000
79388100000
81360400000
85377600000
87422500000
87422500000
91584900000
91584900000
91584900000
91584900000
91584900000
89491600000
89491600000
89491600000
87422500000
83356900000
81360400000
77440000000
71740900000
68062500000
64480900000
57608100000
52707600000
48024900000
42120100000
36602500000
33988900000
29052100000
24502500000
21344400000
18404100000
15681600000
13176900000
10890000000
8820900000
6969600000
4840000000
2722500000
1464100000
435600000
12100000
12100000
435600000
1464100000
3097600000
4840000000
7562500000
10176100000
13176900000
16564900000
20340100000
23425600000
26728900000
30250000000
33988900000
36602500000
39312900000
43560000000
48024900000
52707600000
57608100000
60996100000
64480900000
69889600000
75516100000
77440000000
81360400000
85377600000
85377600000
87422500000
87422500000
87422500000
89491600000
89491600000
89491600000
89491600000
89491600000
87422500000
85377600000
83356900000
79388100000
75516100000
73616400000
68062500000
62726400000
57608100000
52707600000
48024900000
42120100000
37945600000
32718400000
29052100000
25603600000
21344400000
18404100000
15681600000
13176900000
10890000000
8820900000
6969600000
4368100000
2722500000
1742400000
592900000
48400000
12100000
435600000
1464100000
3097600000
5336100000
8179600000
10890000000
13987600000
17472400000
21344400000
23425600000
27878400000
31472100000
33988900000
37945600000
40704400000
45024100000
48024900000
52707600000
57608100000
62726400000
66259600000
69889600000
75516100000
79388100000
83356900000
85377600000
87422500000
87422500000
89491600000
89491600000
89491600000
89491600000
89491600000
89491600000
89491600000
87422500000
87422500000
83356900000
81360400000
77440000000
73616400000
68062500000
62726400000
57608100000
52707600000
48024900000
43560000000
37945600000
33988900000
29052100000
25603600000
22372900000
19360000000
15681600000
13987600000
11628100000
8820900000
6969600000
4840000000
3097600000
1742400000
592900000
108900000
48400000
592900000
1742400000
3097600000
5336100000
8179600000
11628100000
13987600000
17472400000
21344400000
24502500000
26728900000
31472100000
33988900000
37945600000
40704400000
45024100000
49561600000
54316900000
57608100000
62726400000
66259600000
71740900000
75516100000
79388100000
81360400000
83356900000
85377600000
87422500000
87422500000
87422500000
89491600000
89491600000
89491600000
89491600000
87422500000
87422500000
83356900000
81360400000
77440000000
73616400000
69889600000
64480900000
60996100000
55950400000
51122500000
46512400000
40704400000
36602500000
32718400000
29052100000
24502500000
21344400000
18404100000
15681600000
13176900000
10890000000
8179600000
6400900000
4368100000
2722500000
1464100000
592900000
12100000
48400000
592900000
1742400000
3496900000
5336100000
8179600000
10890000000
14822500000
17472400000
21344400000
24502500000
27878400000
31472100000
35283600000
37945600000
42120100000
46512400000
49561600000
54316900000
59290000000
62726400000
68062500000
71740900000
77440000000
79388100000
83356900000
85377600000
87422500000
87422500000
89491600000
89491600000
89491600000
91584900000
89491600000
89491600000
89491600000
87422500000
85377600000
81360400000
77440000000
75516100000
69889600000
68062500000
60996100000
55950400000
51122500000
46512400000
42120100000
37945600000
32718400000
27878400000
25603600000
22372900000
19360000000
16564900000
13987600000
10890000000
8820900000
6400900000
4840000000
3097600000
1464100000
435600000
48400000
108900000
980100000
2371600000
4368100000
6400900000
8820900000
12390400000
15681600000
19360000000
22372900000
26728900000
30250000000
33988900000
36602500000
40704400000
43560000000
48024900000
51122500000
55950400000
59290000000
64480900000
69889600000
73616400000
77440000000
81360400000
83356900000
85377600000
87422500000
89491600000
89491600000
89491600000
91584900000
89491600000
89491600000
89491600000
87422500000
87422500000
85377600000
81360400000
77440000000
73616400000
69889600000
64480900000
59290000000
54316900000
49561600000
45024100000
40704400000
35283600000
31472100000
27878400000
24502500000
20340100000
18404100000
14822500000
12390400000
10176100000
7562500000
5336100000
3920400000
2371600000
1210000000
302500000
0
193600000
980100000
2044900000
3920400000
6400900000
9486400000
12390400000
16564900000
19360000000
22372900000
26728900000
30250000000
33988900000
37945600000
40704400000
43560000000
48024900000
51122500000
55950400000
60996100000
64480900000
68062500000
71740900000
77440000000
81360400000
83356900000
87422500000
87422500000
87422500000
89491600000
89491600000
89491600000
89491600000
91584900000
87422500000
87422500000
85377600000
83356900000
79388100000
77440000000
73616400000
68062500000
64480900000
59290000000
54316900000
49561600000
45024100000
40704400000
35283600000
32718400000
27878400000
24502500000
21344400000
17472400000
14822500000
12390400000
10176100000
8179600000
5856400000
3920400000
2371600000
980100000
302500000
12100000
108900000
774400000
2044900000
3920400000
6969600000
8179600000
11628100000
15681600000
19360000000
20340100000
25603600000
29052100000
32718400000
35283600000
39312900000
42120100000
42120100000
48024900000
51122500000
55950400000
59290000000
66259600000
66259600000
73616400000
79388100000
83356900000
83356900000
87422500000
89491600000
87422500000
91584900000
91584900000
93702400000
85377600000
87422500000
89491600000
85377600000
81360400000
79388100000
77440000000
71740900000
69889600000
66259600000
60996100000
52707600000
51122500000
48024900000
39312900000
33988900000
31472100000
27878400000
22372900000
20340100000
17472400000
13176900000
11628100000
10890000000
8179600000
5336100000
3920400000
2722500000
1210000000
302500000
12100000
108900000
1210000000
2044900000
3496900000
5856400000
10176100000
12390400000
14822500000
18404100000
22372900000
25603600000
29052100000
33988900000
33988900000
37945600000
40704400000
46512400000
48024900000
49561600000
57608100000
60996100000
66259600000
69889600000
77440000000
75516100000
81360400000
87422500000
87422500000
91584900000
87422500000
93702400000
89491600000
89491600000
89491600000
89491600000
87422500000
83356900000
87422500000
81360400000
75516100000
69889600000
71740900000
66259600000
59290000000
55950400000
49561600000
45024100000
39312900000
37945600000
31472100000
26728900000
23425600000
21344400000
17472400000
13987600000
13176900000
9486400000
7562500000
5856400000
4368100000
2371600000
774400000
592900000
12100000
12100000
435600000
1210000000
2722500000
4840000000
8179600000
10176100000
12390400000
15681600000
20340100000
23425600000
26728900000
30250000000
33988900000
39312900000
40704400000
45024100000
48024900000
54316900000
57608100000
60996100000
64480900000
68062500000
75516100000
75516100000
79388100000
81360400000
83356900000
87422500000
85377600000
87422500000
87422500000
89491600000
87422500000
87422500000
87422500000
87422500000
85377600000
81360400000
77440000000
73616400000
71740900000
66259600000
60996100000
55950400000
52707600000
48024900000
42120100000
36602500000
33988900000
30250000000
26728900000
22372900000
19360000000
16564900000
14822500000
11628100000
8820900000
6400900000
5336100000
2722500000
1464100000
435600000
108900000
48400000
302500000
1464100000
3097600000
5336100000
8179600000
10176100000
13176900000
16564900000
21344400000
23425600000
27878400000
32718400000
35283600000
37945600000
40704400000
46512400000
49561600000
54316900000
55950400000
62726400000
66259600000
69889600000
73616400000
75516100000
81360400000
83356900000
85377600000
85377600000
87422500000
87422500000
89491600000
89491600000
87422500000
89491600000
87422500000
87422500000
85377600000
81360400000
79388100000
75516100000
71740900000
66259600000
62726400000
57608100000
52707600000
46512400000
42120100000
39312900000
35283600000
30250000000
25603600000
23425600000
20340100000
17472400000
13987600000
11628100000
9486400000
6969600000
4840000000
3097600000
1742400000
774400000
108900000
12100000
435600000
1210000000
2722500000
5336100000
7562500000
9486400000
12390400000
16564900000
20340100000
23425600000
26728900000
30250000000
33988900000
36602500000
40704400000
45024100000
49561600000
52707600000
55950400000
60996100000
66259600000
69889600000
73616400000
75516100000
81360400000
81360400000
83356900000
85377600000
89491600000
87422500000
87422500000
89491600000
91584900000
89491600000
87422500000
85377600000
85377600000
81360400000
77440000000
75516100000
71740900000
68062500000
60996100000
55950400000
52707600000
48024900000
42120100000
37945600000
33988900000
31472100000
25603600000
22372900000
19360000000
17472400000
13987600000
11628100000
8820900000
7562500000
4840000000
3097600000
1742400000
774400000
193600000
12100000
435600000
1210000000
2722500000
5336100000
8179600000
10176100000
12390400000
17472400000
21344400000
24502500000
26728900000
31472100000
33988900000
39312900000
40704400000
46512400000
49561600000
55950400000
57608100000
62726400000
66259600000
71740900000
71740900000
77440000000
81360400000
83356900000
83356900000
87422500000
87422500000
89491600000
87422500000
89491600000
91584900000
91584900000
85377600000
87422500000
87422500000
83356900000
77440000000
75516100000
71740900000
68062500000
60996100000
57608100000
52707600000
48024900000
43560000000
39312900000
35283600000
31472100000
26728900000
22372900000
20340100000
17472400000
14822500000
11628100000
9486400000
6969600000
5336100000
2722500000
2044900000
980100000
193600000
